126
161
171
187
113
166
136
145
141
199
198
141
195
180
106
119
149
149
102
139
154
188
180
157
144
151
129
190
118
107
115
147
179
121
169
173
185
148
103
153
150
195
173
187
126
161
153
192
170
125
130
160
102
178
116
107
137
169
168
151
197
188
123
168
197
176
126
143
112
121
116
126
167
180
149
151
161
104
148
109
145
126
182
149
103
135
164
190
137
199
181
115
196
131
105
163
152
164
140
191
113
126
157
178
146
138
184
123
133
127
160
106
144
109
128
138
144
187
168
111
140
151
155
170
148
105
100
109
196
135
110
160
175
163
146
139
164
122
161
126
102
101
149
116
119
128
131
148
109
153
145
193
147
107
198
185
164
121
158
104
197
143
186
197
194
197
181
123
197
172
199
191
183
101
192
197
108
134
157
141
195
146
193
158
196
135
103
168
152
135
138
137
174
153
161
195
117
178
149
153
167
156
